968
882
800
722
648
578
512
450
392
338
288
242
972
200
867
162
768
128
675
98
961
72
588
900
50
841
32
784
507
18
729
8
676
2
625
432
576
363
529
300
484
441
243
400
192
864
147
726
108
600
75
361
486
48
384
324
27
294
12
289
3
216
256
150
225
196
96
169
54
144
24
121
6
100
81
64
49
36
25
16
9
4
1
980
845
720
605
500
405
320
245
180
125
80
45
20
5
1000
810
640
490
360
250
160
90
40
10
960
735
540
375
240
135
60
15
750
480
270
120
30
847
700
567
448
343
252
175
112
63
28
7
896
686
504
350
224
126
56
14
756
525
336
189
84
21
672
378
168
42
572
143
286
748
187
875
560
315
140
35
836
209
884
221
429
374
988
247
418
858
630
280
70
442
494
561
253
323
715
627
506
663
299
741
646
341
319
598
945
935
420
105
682
638
403
391
759
377
407
437
806
754
969
897
957
782
840
481
210
814
527
874
493
451
589
962
551
517
473
986
902
629
533
583
946
703
611
559
689
671
649
713
667
697
793
767
799
779
731
899
893
851
817
901
781
737
913
869
803
923
871
979
949
943
989


254
