1922
1800
1682
1568
1458
1352
1250
1152
1058
968
882
800
722
648
578
512
450
392
338
1875
288
1728
242
1587
1936
200
1452
1849
162
1764
128
1681
98
1323
1600
72
1521
50
1444
32
1369
18
1296
8
1225
2
1156
1200
1089
1083
1024
972
961
867
900
768
841
784
675
729
588
676
507
625
432
576
363
1944
300
1734
243
1536
192
1350
147
1176
108
529
1014
75
864
48
484
27
726
12
441
600
3
400
486
361
384
324
294
289
216
256
225
150
196
96
169
54
144
24
121
6
100
81
64
49
36
25
16
9
4
1
2000
1805
1620
1445
1280
1125
980
845
720
605
500
405
320
245
180
125
80
45
20
5
1960
1690
1440
1210
1000
810
640
490
360
250
160
90
40
10
1815
1500
1215
960
735
540
375
240
135
60
15
1920
1470
1080
750
480
270
120
30
1792
1575
1372
1183
1008
847
700
567
448
343
252
175
112
63
28
7
1694
1400
1134
896
686
504
350
224
126
56
14
1701
1344
1029
756
525
336
189
84
21
1512
1050
672
378
168
42
1859
1584
1331
1100
891
704
539
396
275
176
99
44
11
1715
1260
875
560
315
140
35
1782
1408
1078
792
550
352
198
88
22
1872
1573
1300
1053
832
637
468
325
208
117
52
13
1750
1120
630
280
70
1617
1188
825
528
297
132
33
1664
1274
936
650
416
234
104
26
1680
945
420
105
1292
323
1650
1056
594
264
66
1890
840
210
646
1911
1404
975
624
351
156
39
1564
391
1748
437
1980
1375
880
495
220
55
782
1950
1248
702
312
78
969
874
1972
493
527
1938
551
1760
990
440
110
589
1173
986
1054
629
1311
1102
667
1178
1925
1232
693
308
77
713
703
1258
1625
1040
585
260
65
1615
1479
1406
1581
697
899
851
1334
1653
1426
1767
779
731
1887
1955
1386
616
154
1394
817
1170
799
520
130
1702
1558
1462
901
893
1485
1147
1073
660
165
1634
1598
943
1007
1456
819
364
91
1798
1786
1003
1802
1037
989
1121
1159
1081
1886
1207
1139
1219
1638
1271
1189
728
182
1978
1241
1349
1273
1387
1333
1247
1755
780
195
1357
1343
1517
1403
1457
1363
1501
1320
330
1643
1537
1591
1633
1541
1411
924
231
1679
1739
1577
1513
1829
1711
1961
1891
1769
1287
572
143
1817
1691
1649
1763
1943
1853
1843
1819
1751
1717
1927
1957
1919
1909
1921
1092
273
1560
390
1848
462
1144
286
546
1540
385
1716
429
1820
770
455
858
910
1155
1365
715
1430
1001


482
