3872
3698
3528
3362
3200
3042
2888
2738
2592
2450
2312
2178
2048
1922
1800
1682
1568
1458
1352
1250
1152
1058
968
882
800
722
648
3888
578
3969
512
3675
3844
450
3721
392
3468
3600
338
3481
288
3267
3364
242
3249
200
3136
162
3072
128
3025
2916
98
2809
72
2704
50
2601
32
2500
18
2401
8
2304
2
2209
2116
2025
2883
1936
2700
1849
2523
1764
2352
1681
1600
2187
1521
2028
1444
1875
1369
1728
1296
1587
1225
1452
1156
1323
1089
1200
1024
1083
961
972
900
867
841
784
768
729
675
676
588
625
507
576
432
529
363
484
300
441
243
400
192
361
147
324
108
289
256
75
225
48
196
27
169
12
144
3
121
100
81
64
49
36
25
16
9
4
1
3750
3456
3174
2904
2646
2400
2166
1944
1734
1536
1350
1176
1014
864
726
600
486
384
294
216
150
96
54
24
6
3920
3645
3380
3125
2880
2645
2420
2205
2000
1805
1620
1445
1280
1125
980
845
720
605
500
405
320
245
180
125
80
45
20
5
4000
3610
3240
2890
2560
2250
1960
1690
1440
1210
1000
810
640
490
360
250
160
90
40
10
3840
3375
2940
2535
2160
1815
1500
1215
960
735
540
375
240
135
60
15
3630
3000
2430
1920
1470
1080
750
480
270
120
30
3703
3388
3087
2800
2527
2268
2023
1792
1575
1372
1183
1008
847
700
567
448
343
252
175
112
63
28
7
3584
3150
2744
2366
2016
1694
1400
1134
896
686
504
350
224
126
56
14
3549
3024
2541
2100
1701
1344
1029
756
525
336
189
84
21
3402
2688
2058
1512
1050
672
378
168
42
3971
3564
3179
2816
2475
2156
1859
1584
1331
1100
891
704
539
396
275
176
99
44
11
3718
3168
2662
2200
1782
1408
1078
792
550
352
198
88
22
3500
2835
2240
1715
1260
875
560
315
140
35
3757
3328
2925
2548
2197
1872
1573
1300
1053
832
637
468
325
208
117
52
13
3430
2520
1750
1120
630
280
70
3993
3300
2673
2112
1617
1188
825
528
297
132
33
3744
3146
2600
2106
1664
1274
936
650
416
234
104
26
3780
2625
1680
945
420
105
3234
2376
1650
1056
594
264
66
3900
3159
2496
1911
1404
975
624
351
156
39
3825
3332
2873
2448
2057
1700
1377
1088
833
612
425
272
153
68
17
3360
1890
840
210
3400
2754
2176
1666
1224
850
544
306
136
34
3520
2695
1980
1375
880
495
220
55
3822
2808
1950
1248
702
312
78
3724
3211
2736
2299
1900
1539
1216
931
684
475
304
171
76
19
3960
2750
1760
990
440
110
3185
2340
1625
1040
585
260
65
3800
3078
2432
1862
1368
950
608
342
152
38
3773
2772
1925
1232
693
308
77
3264
2499
1836
1275
816
459
204
51
3250
2080
1170
520
130
2668
667
3850
2464
1386
616
154
2640
1485
660
165
2852
713
3672
2550
1632
918
408
102
1334
3276
2275
1456
819
364
91
3648
2793
2052
1425
912
513
228
57
1426
3404
851
3596
899
3060
2125
1360
765
340
85
2912
1638
728
182
2970
1320
330
1702
2001
3772
943
2850
1824
1026
456
114
1798
1073
2139
3956
3120
1755
1147
989
780
195
1081
3696
2079
924
231
1886
1978
2553
2720
2146
1530
680
170
2162
1189
2294
1271
1219
1247
3575
2288
1333
1287
572
143
3420
2375
1520
855
380
95
1363
2697
3335
1457
2438
2829
1357
2975
1904
1071
476
119
1517
3565
2378
1403
1848
462
2967
2542
2494
1591
3510
3219
1560
390
3243
2666
1537
2726
3441
2457
1739
1643
1092
273
2714
1541
2914
2806
1633
1679
3657
1763
3074
3808
2142
952
238
1711
1817
3567
1769
3286
3082
3034
1829
3266
2295
1020
255
1891
1927
3813
2021
1961
3358
3741
3182
3040
1710
760
190
2574
1144
286
3999
3422
3478
3634
3538
3658
1943
2059
3782
1909
2077
2201
2117
3325
2183
2128
1197
532
133
2263
2257
2173
3922
2279
3886
3526
2291
2184
2047
546
2491
2449
3854
2231
3818
2323
2907
1292
323
2479
2369
2627
2419
2507
2461
2701
2537
2501
2773
2623
2407
2867
2573
2394
1064
266
2923
2565
1140
285
3465
1540
385
2599
2581
2747
3127
2911
2992
2759
1683
748
187
2881
2813
3536
3233
3053
2993
1989
884
221
3149
3007
2929
3337
3139
2987
3161
3103
3131
3071
2040
510
3431
3193
3379
3317
3239
3013
2921
3397
3197
3151
3599
3713
3213
1428
357
3551
3763
3293
3277
3344
1881
836
209
3869
3503
3589
3952
3473
3427
2223
988
247
3737
3611
3403
3811
3959
3953
3569
3901
3591
1596
399
3799
3683
3937
3366
1496
374
3973
3649
3827
3977
3749
2280
570
3080
770
1820
455
3979
3841
3762
1672
418
3861
1716
429
3978
1768
442
2856
714
1976
494
3640
910
3192
798
3432
858
2380
595
1155
2584
646
2244
561
2508
627
2652
663
1190
1122
2660
665
2964
1365
741
1326
1254
2860
715
1482
1330
2310
3876
969
1430
1785
2730
1938
3740
935
1105
1995
1045
1001
1870
2145
3570
1235
2210
2090
2002
2805
1615
3990
1309
2470
3135
1463
1547
3315
3003
1729
3705
3230
2618
2926
3094
3927
2261
3458
3289


934
